496.0,48.0
512.0,48.0
528.0,48.0
496.0,64.0
512.0,64.0
528.0,64.0
496.0,80.0
512.0,96.0
496.0,96.0
512.0,80.0
528.0,80.0
528.0,96.0
608.0,16.0
624.0,16.0
640.0,16.0
608.0,32.0
624.0,32.0
640.0,32.0
608.0,48.0
624.0,64.0
608.0,64.0
624.0,48.0
640.0,48.0
640.0,64.0
624.0,144.0
640.0,144.0
656.0,144.0
624.0,160.0
640.0,160.0
656.0,160.0
624.0,176.0
640.0,192.0
624.0,192.0
640.0,176.0
656.0,176.0
656.0,192.0
128.0,32.0
144.0,32.0
160.0,32.0
128.0,48.0
144.0,48.0
160.0,48.0
128.0,64.0
144.0,80.0
128.0,80.0
144.0,64.0
160.0,64.0
160.0,80.0
16.0,64.0
32.0,64.0
48.0,64.0
16.0,80.0
32.0,80.0
48.0,80.0
16.0,96.0
32.0,112.0
16.0,112.0
32.0,96.0
48.0,96.0
48.0,112.0
0.0,304.0
16.0,304.0
32.0,304.0
0.0,320.0
16.0,320.0
32.0,320.0
0.0,336.0
16.0,352.0
0.0,352.0
16.0,336.0
32.0,336.0
32.0,352.0
64.0,400.0
80.0,400.0
96.0,400.0
64.0,416.0
80.0,416.0
96.0,416.0
64.0,432.0
80.0,448.0
64.0,448.0
80.0,432.0
96.0,432.0
96.0,448.0
112.0,320.0
128.0,320.0
144.0,320.0
112.0,336.0
128.0,336.0
144.0,336.0
112.0,352.0
128.0,368.0
112.0,368.0
128.0,352.0
144.0,352.0
144.0,368.0
256.0,240.0
272.0,240.0
288.0,240.0
256.0,256.0
272.0,256.0
288.0,256.0
256.0,272.0
272.0,288.0
256.0,288.0
272.0,272.0
288.0,272.0
288.0,288.0
672.0,224.0
688.0,224.0
704.0,224.0
672.0,240.0
688.0,240.0
704.0,240.0
672.0,256.0
688.0,272.0
672.0,272.0
688.0,256.0
704.0,256.0
704.0,272.0
512.0,208.0
528.0,208.0
544.0,208.0
512.0,224.0
528.0,224.0
544.0,224.0
512.0,240.0
528.0,256.0
512.0,256.0
528.0,240.0
544.0,240.0
544.0,256.0
192.0,272.0
208.0,272.0
224.0,272.0
192.0,288.0
208.0,288.0
224.0,288.0
192.0,304.0
208.0,320.0
192.0,320.0
208.0,304.0
224.0,304.0
224.0,320.0
592.0,256.0
608.0,256.0
624.0,256.0
592.0,272.0
608.0,272.0
624.0,272.0
592.0,288.0
608.0,304.0
592.0,304.0
608.0,288.0
624.0,288.0
624.0,304.0
144.0,528.0
160.0,528.0
176.0,528.0
144.0,544.0
160.0,544.0
176.0,544.0
144.0,560.0
160.0,576.0
144.0,576.0
160.0,560.0
176.0,560.0
176.0,576.0
272.0,544.0
288.0,544.0
304.0,544.0
272.0,560.0
288.0,560.0
304.0,560.0
272.0,576.0
288.0,592.0
272.0,592.0
288.0,576.0
304.0,576.0
304.0,592.0
432.0,496.0
448.0,496.0
464.0,496.0
432.0,512.0
448.0,512.0
464.0,512.0
432.0,528.0
448.0,544.0
432.0,544.0
448.0,528.0
464.0,528.0
464.0,544.0
528.0,448.0
544.0,448.0
560.0,448.0
528.0,464.0
544.0,464.0
560.0,464.0
528.0,480.0
544.0,496.0
528.0,496.0
544.0,480.0
560.0,480.0
560.0,496.0
544.0,368.0
560.0,368.0
576.0,368.0
544.0,384.0
560.0,384.0
576.0,384.0
544.0,400.0
560.0,416.0
544.0,416.0
560.0,400.0
576.0,400.0
576.0,416.0
48.0,560.0
64.0,560.0
80.0,560.0
48.0,576.0
64.0,576.0
80.0,576.0
48.0,592.0
64.0,608.0
48.0,608.0
64.0,592.0
80.0,592.0
80.0,608.0
640.0,544.0
656.0,544.0
672.0,544.0
640.0,560.0
656.0,560.0
672.0,560.0
640.0,576.0
656.0,592.0
640.0,592.0
656.0,576.0
672.0,576.0
672.0,592.0
736.0,448.0
752.0,448.0
768.0,448.0
736.0,464.0
752.0,464.0
768.0,464.0
736.0,480.0
752.0,496.0
736.0,496.0
752.0,480.0
768.0,480.0
768.0,496.0
752.0,224.0
768.0,224.0
784.0,224.0
752.0,240.0
768.0,240.0
784.0,240.0
752.0,256.0
768.0,272.0
752.0,272.0
768.0,256.0
784.0,256.0
784.0,272.0
752.0,64.0
768.0,64.0
784.0,64.0
752.0,80.0
768.0,80.0
784.0,80.0
752.0,96.0
768.0,112.0
752.0,112.0
768.0,96.0
784.0,96.0
784.0,112.0
336.0,240.0
352.0,240.0
368.0,240.0
336.0,256.0
352.0,256.0
368.0,256.0
336.0,272.0
352.0,288.0
336.0,288.0
352.0,272.0
368.0,272.0
368.0,288.0
176.0,448.0
192.0,448.0
208.0,448.0
176.0,464.0
192.0,464.0
208.0,464.0
176.0,480.0
192.0,496.0
176.0,496.0
192.0,480.0
208.0,480.0
208.0,496.0
448.0,624.0
464.0,624.0
480.0,624.0
448.0,640.0
464.0,640.0
480.0,640.0
448.0,656.0
464.0,672.0
448.0,672.0
464.0,656.0
480.0,656.0
480.0,672.0
560.0,592.0
576.0,592.0
592.0,592.0
560.0,608.0
576.0,608.0
592.0,608.0
560.0,624.0
576.0,640.0
560.0,640.0
576.0,624.0
592.0,624.0
592.0,640.0
576.0,720.0
592.0,720.0
608.0,720.0
576.0,736.0
592.0,736.0
608.0,736.0
576.0,752.0
592.0,768.0
576.0,768.0
592.0,752.0
608.0,752.0
608.0,768.0
80.0,608.0
96.0,608.0
112.0,608.0
80.0,624.0
96.0,624.0
112.0,624.0
80.0,640.0
96.0,656.0
80.0,656.0
96.0,640.0
112.0,640.0
112.0,656.0
16.0,976.0
32.0,976.0
48.0,976.0
16.0,992.0
32.0,992.0
48.0,992.0
16.0,1008.0
32.0,1024.0
16.0,1024.0
32.0,1008.0
48.0,1008.0
48.0,1024.0
64.0,896.0
80.0,896.0
96.0,896.0
64.0,912.0
80.0,912.0
96.0,912.0
64.0,928.0
80.0,944.0
64.0,944.0
80.0,928.0
96.0,928.0
96.0,944.0
208.0,816.0
224.0,816.0
240.0,816.0
208.0,832.0
224.0,832.0
240.0,832.0
208.0,848.0
224.0,864.0
208.0,864.0
224.0,848.0
240.0,848.0
240.0,864.0
624.0,800.0
640.0,800.0
656.0,800.0
624.0,816.0
640.0,816.0
656.0,816.0
624.0,832.0
640.0,848.0
624.0,848.0
640.0,832.0
656.0,832.0
656.0,848.0
464.0,784.0
480.0,784.0
496.0,784.0
464.0,800.0
480.0,800.0
496.0,800.0
464.0,816.0
480.0,832.0
464.0,832.0
480.0,816.0
496.0,816.0
496.0,832.0
144.0,848.0
160.0,848.0
176.0,848.0
144.0,864.0
160.0,864.0
176.0,864.0
144.0,880.0
160.0,896.0
144.0,896.0
160.0,880.0
176.0,880.0
176.0,896.0
544.0,832.0
560.0,832.0
576.0,832.0
544.0,848.0
560.0,848.0
576.0,848.0
544.0,864.0
560.0,880.0
544.0,880.0
560.0,864.0
576.0,864.0
576.0,880.0
96.0,1104.0
112.0,1104.0
128.0,1104.0
96.0,1120.0
112.0,1120.0
128.0,1120.0
96.0,1136.0
112.0,1152.0
96.0,1152.0
112.0,1136.0
128.0,1136.0
128.0,1152.0
224.0,1120.0
240.0,1120.0
256.0,1120.0
224.0,1136.0
240.0,1136.0
256.0,1136.0
224.0,1152.0
240.0,1168.0
224.0,1168.0
240.0,1152.0
256.0,1152.0
256.0,1168.0
384.0,1072.0
400.0,1072.0
416.0,1072.0
384.0,1088.0
400.0,1088.0
416.0,1088.0
384.0,1104.0
400.0,1120.0
384.0,1120.0
400.0,1104.0
416.0,1104.0
416.0,1120.0
480.0,1024.0
496.0,1024.0
512.0,1024.0
480.0,1040.0
496.0,1040.0
512.0,1040.0
480.0,1056.0
496.0,1072.0
480.0,1072.0
496.0,1056.0
512.0,1056.0
512.0,1072.0
496.0,944.0
512.0,944.0
528.0,944.0
496.0,960.0
512.0,960.0
528.0,960.0
496.0,976.0
512.0,992.0
496.0,992.0
512.0,976.0
528.0,976.0
528.0,992.0
0.0,1136.0
16.0,1136.0
32.0,1136.0
0.0,1152.0
16.0,1152.0
32.0,1152.0
0.0,1168.0
16.0,1184.0
0.0,1184.0
16.0,1168.0
32.0,1168.0
32.0,1184.0
592.0,1120.0
608.0,1120.0
624.0,1120.0
592.0,1136.0
608.0,1136.0
624.0,1136.0
592.0,1152.0
608.0,1168.0
592.0,1168.0
608.0,1152.0
624.0,1152.0
624.0,1168.0
688.0,1024.0
704.0,1024.0
720.0,1024.0
688.0,1040.0
704.0,1040.0
720.0,1040.0
688.0,1056.0
704.0,1072.0
688.0,1072.0
704.0,1056.0
720.0,1056.0
720.0,1072.0
704.0,800.0
720.0,800.0
736.0,800.0
704.0,816.0
720.0,816.0
736.0,816.0
704.0,832.0
720.0,848.0
704.0,848.0
720.0,832.0
736.0,832.0
736.0,848.0
704.0,640.0
720.0,640.0
736.0,640.0
704.0,656.0
720.0,656.0
736.0,656.0
704.0,672.0
720.0,688.0
704.0,688.0
720.0,672.0
736.0,672.0
736.0,688.0
288.0,816.0
304.0,816.0
320.0,816.0
288.0,832.0
304.0,832.0
320.0,832.0
288.0,848.0
304.0,864.0
288.0,864.0
304.0,848.0
320.0,848.0
320.0,864.0
128.0,1024.0
144.0,1024.0
160.0,1024.0
128.0,1040.0
144.0,1040.0
160.0,1040.0
128.0,1056.0
144.0,1072.0
128.0,1072.0
144.0,1056.0
160.0,1056.0
160.0,1072.0
1424.0,16.0
1440.0,16.0
1456.0,16.0
1424.0,32.0
1440.0,32.0
1456.0,32.0
1424.0,48.0
1440.0,64.0
1424.0,64.0
1440.0,48.0
1456.0,48.0
1456.0,64.0
1568.0,32.0
1552.0,112.0
1568.0,112.0
1584.0,112.0
1552.0,128.0
1568.0,128.0
1584.0,128.0
1552.0,144.0
1568.0,160.0
1552.0,160.0
1568.0,144.0
1584.0,144.0
1584.0,160.0
1056.0,0.0
1072.0,0.0
1088.0,0.0
1056.0,16.0
1072.0,16.0
1088.0,16.0
1056.0,32.0
1072.0,48.0
1056.0,48.0
1072.0,32.0
1088.0,32.0
1088.0,48.0
944.0,32.0
960.0,32.0
976.0,32.0
944.0,48.0
960.0,48.0
976.0,48.0
944.0,64.0
960.0,80.0
944.0,80.0
960.0,64.0
976.0,64.0
976.0,80.0
928.0,272.0
944.0,272.0
960.0,272.0
928.0,288.0
944.0,288.0
960.0,288.0
928.0,304.0
944.0,320.0
928.0,320.0
944.0,304.0
960.0,304.0
960.0,320.0
992.0,368.0
1008.0,368.0
1024.0,368.0
992.0,384.0
1008.0,384.0
1024.0,384.0
992.0,400.0
1008.0,416.0
992.0,416.0
1008.0,400.0
1024.0,400.0
1024.0,416.0
1040.0,288.0
1056.0,288.0
1072.0,288.0
1040.0,304.0
1056.0,304.0
1072.0,304.0
1040.0,320.0
1056.0,336.0
1040.0,336.0
1056.0,320.0
1072.0,320.0
1072.0,336.0
1184.0,208.0
1200.0,208.0
1216.0,208.0
1184.0,224.0
1200.0,224.0
1216.0,224.0
1184.0,240.0
1200.0,256.0
1184.0,256.0
1200.0,240.0
1216.0,240.0
1216.0,256.0
1600.0,192.0
1616.0,192.0
1632.0,192.0
1600.0,208.0
1616.0,208.0
1632.0,208.0
1600.0,224.0
1616.0,240.0
1600.0,240.0
1616.0,224.0
1632.0,224.0
1632.0,240.0
1440.0,176.0
1456.0,176.0
1472.0,176.0
1440.0,192.0
1456.0,192.0
1472.0,192.0
1440.0,208.0
1456.0,224.0
1440.0,224.0
1456.0,208.0
1472.0,208.0
1472.0,224.0
1120.0,240.0
1136.0,240.0
1152.0,240.0
1120.0,256.0
1136.0,256.0
1152.0,256.0
1120.0,272.0
1136.0,288.0
1120.0,288.0
1136.0,272.0
1152.0,272.0
1152.0,288.0
1520.0,224.0
1536.0,224.0
1552.0,224.0
1520.0,240.0
1536.0,240.0
1552.0,240.0
1520.0,256.0
1536.0,272.0
1520.0,272.0
1536.0,256.0
1552.0,256.0
1552.0,272.0
1072.0,496.0
1088.0,496.0
1104.0,496.0
1072.0,512.0
1088.0,512.0
1104.0,512.0
1072.0,528.0
1088.0,544.0
1072.0,544.0
1088.0,528.0
1104.0,528.0
1104.0,544.0
1200.0,512.0
1216.0,512.0
1232.0,512.0
1200.0,528.0
1216.0,528.0
1232.0,528.0
1200.0,544.0
1216.0,560.0
1200.0,560.0
1216.0,544.0
1232.0,544.0
1232.0,560.0
1360.0,464.0
1376.0,464.0
1392.0,464.0
1360.0,480.0
1376.0,480.0
1392.0,480.0
1360.0,496.0
1376.0,512.0
1360.0,512.0
1376.0,496.0
1392.0,496.0
1392.0,512.0
1456.0,416.0
1472.0,416.0
1488.0,416.0
1456.0,432.0
1472.0,432.0
1488.0,432.0
1456.0,448.0
1472.0,464.0
1456.0,464.0
1472.0,448.0
1488.0,448.0
1488.0,464.0
1472.0,336.0
1488.0,336.0
1504.0,336.0
1472.0,352.0
1488.0,352.0
1504.0,352.0
1472.0,368.0
1488.0,384.0
1472.0,384.0
1488.0,368.0
1504.0,368.0
1504.0,384.0
976.0,528.0
992.0,528.0
1008.0,528.0
976.0,544.0
992.0,544.0
1008.0,544.0
976.0,560.0
992.0,576.0
976.0,576.0
992.0,560.0
1008.0,560.0
1008.0,576.0
1568.0,512.0
1584.0,512.0
1600.0,512.0
1568.0,528.0
1584.0,528.0
1600.0,528.0
1568.0,544.0
1584.0,560.0
1568.0,560.0
1584.0,544.0
1600.0,544.0
1600.0,560.0
1664.0,416.0
1680.0,416.0
1696.0,416.0
1664.0,432.0
1680.0,432.0
1696.0,432.0
1664.0,448.0
1680.0,464.0
1664.0,464.0
1680.0,448.0
1696.0,448.0
1696.0,464.0
1680.0,192.0
1696.0,192.0
1712.0,192.0
1680.0,208.0
1696.0,208.0
1712.0,208.0
1680.0,224.0
1696.0,240.0
1680.0,240.0
1696.0,224.0
1712.0,224.0
1712.0,240.0
1680.0,32.0
1696.0,32.0
1712.0,32.0
1680.0,48.0
1696.0,48.0
1712.0,48.0
1680.0,64.0
1696.0,80.0
1680.0,80.0
1696.0,64.0
1712.0,64.0
1712.0,80.0
1264.0,208.0
1280.0,208.0
1296.0,208.0
1264.0,224.0
1280.0,224.0
1296.0,224.0
1264.0,240.0
1280.0,256.0
1264.0,256.0
1280.0,240.0
1296.0,240.0
1296.0,256.0
1104.0,416.0
1120.0,416.0
1136.0,416.0
1104.0,432.0
1120.0,432.0
1136.0,432.0
1104.0,448.0
1120.0,464.0
1104.0,464.0
1120.0,448.0
1136.0,448.0
1136.0,464.0
1264.0,704.0
1280.0,704.0
1296.0,704.0
1264.0,720.0
1280.0,720.0
1296.0,720.0
1264.0,736.0
1280.0,752.0
1264.0,752.0
1280.0,736.0
1296.0,736.0
1296.0,752.0
1376.0,672.0
1392.0,672.0
1408.0,672.0
1376.0,688.0
1392.0,688.0
1408.0,688.0
1376.0,704.0
1392.0,720.0
1376.0,720.0
1392.0,704.0
1408.0,704.0
1408.0,720.0
1392.0,800.0
1408.0,800.0
1424.0,800.0
1392.0,816.0
1408.0,816.0
1424.0,816.0
1392.0,832.0
1408.0,848.0
1392.0,848.0
1408.0,832.0
1424.0,832.0
1424.0,848.0
896.0,688.0
912.0,688.0
928.0,688.0
896.0,704.0
912.0,704.0
928.0,704.0
896.0,720.0
912.0,736.0
896.0,736.0
912.0,720.0
928.0,720.0
928.0,736.0
784.0,720.0
800.0,720.0
816.0,720.0
784.0,736.0
800.0,736.0
816.0,736.0
784.0,752.0
800.0,768.0
784.0,768.0
800.0,752.0
816.0,752.0
816.0,768.0
768.0,960.0
784.0,960.0
800.0,960.0
768.0,976.0
784.0,976.0
800.0,976.0
768.0,992.0
784.0,1008.0
768.0,1008.0
784.0,992.0
800.0,992.0
800.0,1008.0
832.0,1056.0
848.0,1056.0
864.0,1056.0
832.0,1072.0
848.0,1072.0
864.0,1072.0
832.0,1088.0
848.0,1104.0
832.0,1104.0
848.0,1088.0
864.0,1088.0
864.0,1104.0
880.0,976.0
896.0,976.0
912.0,976.0
880.0,992.0
896.0,992.0
912.0,992.0
880.0,1008.0
896.0,1024.0
880.0,1024.0
896.0,1008.0
912.0,1008.0
912.0,1024.0
1024.0,896.0
1040.0,896.0
1056.0,896.0
1024.0,912.0
1040.0,912.0
1056.0,912.0
1024.0,928.0
1040.0,944.0
1024.0,944.0
1040.0,928.0
1056.0,928.0
1056.0,944.0
1440.0,880.0
1456.0,880.0
1472.0,880.0
1440.0,896.0
1456.0,896.0
1472.0,896.0
1440.0,912.0
1456.0,928.0
1440.0,928.0
1456.0,912.0
1472.0,912.0
1472.0,928.0
1280.0,864.0
1296.0,864.0
1312.0,864.0
1280.0,880.0
1296.0,880.0
1312.0,880.0
1280.0,896.0
1296.0,912.0
1280.0,912.0
1296.0,896.0
1312.0,896.0
1312.0,912.0
960.0,928.0
976.0,928.0
992.0,928.0
960.0,944.0
976.0,944.0
992.0,944.0
960.0,960.0
976.0,976.0
960.0,976.0
976.0,960.0
992.0,960.0
992.0,976.0
1360.0,912.0
1376.0,912.0
1392.0,912.0
1360.0,928.0
1376.0,928.0
1392.0,928.0
1360.0,944.0
1376.0,960.0
1360.0,960.0
1376.0,944.0
1392.0,944.0
1392.0,960.0
912.0,1184.0
928.0,1184.0
944.0,1184.0
912.0,1200.0
928.0,1200.0
944.0,1200.0
912.0,1216.0
928.0,1232.0
912.0,1232.0
928.0,1216.0
944.0,1216.0
944.0,1232.0
1040.0,1200.0
1056.0,1200.0
1072.0,1200.0
1040.0,1216.0
1056.0,1216.0
1072.0,1216.0
1040.0,1232.0
1056.0,1248.0
1040.0,1248.0
1056.0,1232.0
1072.0,1232.0
1072.0,1248.0
1200.0,1152.0
1216.0,1152.0
1232.0,1152.0
1200.0,1168.0
1216.0,1168.0
1232.0,1168.0
1200.0,1184.0
1216.0,1200.0
1200.0,1200.0
1216.0,1184.0
1232.0,1184.0
1232.0,1200.0
1296.0,1104.0
1312.0,1104.0
1328.0,1104.0
1296.0,1120.0
1312.0,1120.0
1328.0,1120.0
1296.0,1136.0
1312.0,1152.0
1296.0,1152.0
1312.0,1136.0
1328.0,1136.0
1328.0,1152.0
1312.0,1024.0
1328.0,1024.0
1344.0,1024.0
1312.0,1040.0
1328.0,1040.0
1344.0,1040.0
1312.0,1056.0
1328.0,1072.0
1312.0,1072.0
1328.0,1056.0
1344.0,1056.0
1344.0,1072.0
816.0,1216.0
832.0,1216.0
848.0,1216.0
816.0,1232.0
832.0,1232.0
848.0,1232.0
816.0,1248.0
832.0,1264.0
816.0,1264.0
832.0,1248.0
848.0,1248.0
848.0,1264.0
1408.0,1200.0
1424.0,1200.0
1440.0,1200.0
1408.0,1216.0
1424.0,1216.0
1440.0,1216.0
1408.0,1232.0
1424.0,1248.0
1408.0,1248.0
1424.0,1232.0
1440.0,1232.0
1440.0,1248.0
1504.0,1104.0
1520.0,1104.0
1536.0,1104.0
1504.0,1120.0
1520.0,1120.0
1536.0,1120.0
1504.0,1136.0
1520.0,1152.0
1504.0,1152.0
1520.0,1136.0
1536.0,1136.0
1536.0,1152.0
1520.0,880.0
1536.0,880.0
1552.0,880.0
1520.0,896.0
1536.0,896.0
1552.0,896.0
1520.0,912.0
1536.0,928.0
1520.0,928.0
1536.0,912.0
1552.0,912.0
1552.0,928.0
1520.0,720.0
1536.0,720.0
1552.0,720.0
1520.0,736.0
1536.0,736.0
1552.0,736.0
1520.0,752.0
1536.0,768.0
1520.0,768.0
1536.0,752.0
1552.0,752.0
1552.0,768.0
1104.0,896.0
1120.0,896.0
1136.0,896.0
1104.0,912.0
1120.0,912.0
1136.0,912.0
1104.0,928.0
1120.0,944.0
1104.0,944.0
1120.0,928.0
1136.0,928.0
1136.0,944.0
944.0,1104.0
960.0,1104.0
976.0,1104.0
944.0,1120.0
960.0,1120.0
976.0,1120.0
944.0,1136.0
960.0,1152.0
944.0,1152.0
960.0,1136.0
976.0,1136.0
976.0,1152.0
2224.0,208.0
2240.0,208.0
2256.0,208.0
2224.0,224.0
2240.0,224.0
2256.0,224.0
2224.0,240.0
2240.0,256.0
2224.0,256.0
2240.0,240.0
2256.0,240.0
2256.0,256.0
2336.0,176.0
2352.0,176.0
2368.0,176.0
2336.0,192.0
2352.0,192.0
2368.0,192.0
2336.0,208.0
2352.0,224.0
2336.0,224.0
2352.0,208.0
2368.0,208.0
2368.0,224.0
2352.0,304.0
2368.0,304.0
2384.0,304.0
2352.0,320.0
2368.0,320.0
2384.0,320.0
2352.0,336.0
2368.0,352.0
2352.0,352.0
2368.0,336.0
2384.0,336.0
2384.0,352.0
1856.0,192.0
1872.0,192.0
1888.0,192.0
1856.0,208.0
1872.0,208.0
1888.0,208.0
1856.0,224.0
1872.0,240.0
1856.0,240.0
1872.0,224.0
1888.0,224.0
1888.0,240.0
1744.0,224.0
1760.0,224.0
1776.0,224.0
1744.0,240.0
1760.0,240.0
1776.0,240.0
1744.0,256.0
1760.0,272.0
1744.0,272.0
1760.0,256.0
1776.0,256.0
1776.0,272.0
1728.0,464.0
1744.0,464.0
1760.0,464.0
1728.0,480.0
1744.0,480.0
1760.0,480.0
1728.0,496.0
1744.0,512.0
1728.0,512.0
1744.0,496.0
1760.0,496.0
1760.0,512.0
1792.0,560.0
1808.0,560.0
1824.0,560.0
1792.0,576.0
1808.0,576.0
1824.0,576.0
1792.0,592.0
1808.0,608.0
1792.0,608.0
1808.0,592.0
1824.0,592.0
1824.0,608.0
1840.0,480.0
1856.0,480.0
1872.0,480.0
1840.0,496.0
1856.0,496.0
1872.0,496.0
1840.0,512.0
1856.0,528.0
1840.0,528.0
1856.0,512.0
1872.0,512.0
1872.0,528.0
1984.0,400.0
2000.0,400.0
2016.0,400.0
1984.0,416.0
2000.0,416.0
2016.0,416.0
1984.0,432.0
2000.0,448.0
1984.0,448.0
2000.0,432.0
2016.0,432.0
2016.0,448.0
2400.0,384.0
2416.0,384.0
2432.0,384.0
2400.0,400.0
2416.0,400.0
2432.0,400.0
2400.0,416.0
2416.0,432.0
2400.0,432.0
2416.0,416.0
2432.0,416.0
2432.0,432.0
2240.0,368.0
2256.0,368.0
2272.0,368.0
2240.0,384.0
2256.0,384.0
2272.0,384.0
2240.0,400.0
2256.0,416.0
2240.0,416.0
2256.0,400.0
2272.0,400.0
2272.0,416.0
1920.0,432.0
1936.0,432.0
1952.0,432.0
1920.0,448.0
1936.0,448.0
1952.0,448.0
1920.0,464.0
1936.0,480.0
1920.0,480.0
1936.0,464.0
1952.0,464.0
1952.0,480.0
2320.0,416.0
2336.0,416.0
2352.0,416.0
2320.0,432.0
2336.0,432.0
2352.0,432.0
2320.0,448.0
2336.0,464.0
2320.0,464.0
2336.0,448.0
2352.0,448.0
2352.0,464.0
1872.0,688.0
1888.0,688.0
1904.0,688.0
1872.0,704.0
1888.0,704.0
1904.0,704.0
1872.0,720.0
1888.0,736.0
1872.0,736.0
1888.0,720.0
1904.0,720.0
1904.0,736.0
2000.0,704.0
2016.0,704.0
2032.0,704.0
2000.0,720.0
2016.0,720.0
2032.0,720.0
2000.0,736.0
2016.0,752.0
2000.0,752.0
2016.0,736.0
2032.0,736.0
2032.0,752.0
2160.0,656.0
2176.0,656.0
2192.0,656.0
2160.0,672.0
2176.0,672.0
2192.0,672.0
2160.0,688.0
2176.0,704.0
2160.0,704.0
2176.0,688.0
2192.0,688.0
2192.0,704.0
2256.0,608.0
2272.0,608.0
2288.0,608.0
2256.0,624.0
2272.0,624.0
2288.0,624.0
2256.0,640.0
2272.0,656.0
2256.0,656.0
2272.0,640.0
2288.0,640.0
2288.0,656.0
2272.0,528.0
2288.0,528.0
2304.0,528.0
2272.0,544.0
2288.0,544.0
2304.0,544.0
2272.0,560.0
2288.0,576.0
2272.0,576.0
2288.0,560.0
2304.0,560.0
2304.0,576.0
1776.0,720.0
1792.0,720.0
1808.0,720.0
1776.0,736.0
1792.0,736.0
1808.0,736.0
1776.0,752.0
1792.0,768.0
1776.0,768.0
1792.0,752.0
1808.0,752.0
1808.0,768.0
2368.0,704.0
2384.0,704.0
2400.0,704.0
2368.0,720.0
2384.0,720.0
2400.0,720.0
2368.0,736.0
2384.0,752.0
2368.0,752.0
2384.0,736.0
2400.0,736.0
2400.0,752.0
2464.0,608.0
2480.0,608.0
2496.0,608.0
2464.0,624.0
2480.0,624.0
2496.0,624.0
2464.0,640.0
2480.0,656.0
2464.0,656.0
2480.0,640.0
2496.0,640.0
2496.0,656.0
2480.0,384.0
2496.0,384.0
2512.0,384.0
2480.0,400.0
2496.0,400.0
2512.0,400.0
2480.0,416.0
2496.0,432.0
2480.0,432.0
2496.0,416.0
2512.0,416.0
2512.0,432.0
2480.0,224.0
2496.0,224.0
2512.0,224.0
2480.0,240.0
2496.0,240.0
2512.0,240.0
2480.0,256.0
2496.0,272.0
2480.0,272.0
2496.0,256.0
2512.0,256.0
2512.0,272.0
2064.0,400.0
2080.0,400.0
2096.0,400.0
2064.0,416.0
2080.0,416.0
2096.0,416.0
2064.0,432.0
2080.0,448.0
2064.0,448.0
2080.0,432.0
2096.0,432.0
2096.0,448.0
1904.0,608.0
1920.0,608.0
1936.0,608.0
1904.0,624.0
1920.0,624.0
1936.0,624.0
1904.0,640.0
1920.0,656.0
1904.0,656.0
1920.0,640.0
1936.0,640.0
1936.0,656.0
2112.0,832.0
2128.0,832.0
2144.0,832.0
2112.0,848.0
2128.0,848.0
2144.0,848.0
2112.0,864.0
2128.0,880.0
2112.0,880.0
2128.0,864.0
2144.0,864.0
2144.0,880.0
2224.0,800.0
2240.0,800.0
2256.0,800.0
2224.0,816.0
2240.0,816.0
2256.0,816.0
2224.0,832.0
2240.0,848.0
2224.0,848.0
2240.0,832.0
2256.0,832.0
2256.0,848.0
2240.0,928.0
2256.0,928.0
2272.0,928.0
2240.0,944.0
2256.0,944.0
2272.0,944.0
2240.0,960.0
2256.0,976.0
2240.0,976.0
2256.0,960.0
2272.0,960.0
2272.0,976.0
1744.0,816.0
1760.0,816.0
1776.0,816.0
1744.0,832.0
1760.0,832.0
1776.0,832.0
1744.0,848.0
1760.0,864.0
1744.0,864.0
1760.0,848.0
1776.0,848.0
1776.0,864.0
1632.0,848.0
1648.0,848.0
1664.0,848.0
1632.0,864.0
1648.0,864.0
1664.0,864.0
1632.0,880.0
1648.0,896.0
1632.0,896.0
1648.0,880.0
1664.0,880.0
1664.0,896.0
1616.0,1088.0
1632.0,1088.0
1648.0,1088.0
1616.0,1104.0
1632.0,1104.0
1648.0,1104.0
1616.0,1120.0
1632.0,1136.0
1616.0,1136.0
1632.0,1120.0
1648.0,1120.0
1648.0,1136.0
1680.0,1184.0
1696.0,1184.0
1712.0,1184.0
1680.0,1200.0
1696.0,1200.0
1712.0,1200.0
1680.0,1216.0
1696.0,1232.0
1680.0,1232.0
1696.0,1216.0
1712.0,1216.0
1712.0,1232.0
1728.0,1104.0
1744.0,1104.0
1760.0,1104.0
1728.0,1120.0
1744.0,1120.0
1760.0,1120.0
1728.0,1136.0
1744.0,1152.0
1728.0,1152.0
1744.0,1136.0
1760.0,1136.0
1760.0,1152.0
1872.0,1024.0
1888.0,1024.0
1904.0,1024.0
1872.0,1040.0
1888.0,1040.0
1904.0,1040.0
1872.0,1056.0
1888.0,1072.0
1872.0,1072.0
1888.0,1056.0
1904.0,1056.0
1904.0,1072.0
2288.0,1008.0
2304.0,1008.0
2320.0,1008.0
2288.0,1024.0
2304.0,1024.0
2320.0,1024.0
2288.0,1040.0
2304.0,1056.0
2288.0,1056.0
2304.0,1040.0
2320.0,1040.0
2320.0,1056.0
2128.0,992.0
2144.0,992.0
2160.0,992.0
2128.0,1008.0
2144.0,1008.0
2160.0,1008.0
2128.0,1024.0
2144.0,1040.0
2128.0,1040.0
2144.0,1024.0
2160.0,1024.0
2160.0,1040.0
1808.0,1056.0
1824.0,1056.0
1840.0,1056.0
1808.0,1072.0
1824.0,1072.0
1840.0,1072.0
1808.0,1088.0
1824.0,1104.0
1808.0,1104.0
1824.0,1088.0
1840.0,1088.0
1840.0,1104.0
2208.0,1040.0
2224.0,1040.0
2240.0,1040.0
2208.0,1056.0
2224.0,1056.0
2240.0,1056.0
2208.0,1072.0
2224.0,1088.0
2208.0,1088.0
2224.0,1072.0
2240.0,1072.0
2240.0,1088.0
1760.0,1312.0
1776.0,1312.0
1792.0,1312.0
1760.0,1328.0
1776.0,1328.0
1792.0,1328.0
1760.0,1344.0
1776.0,1360.0
1760.0,1360.0
1776.0,1344.0
1792.0,1344.0
1792.0,1360.0
1888.0,1328.0
1904.0,1328.0
1920.0,1328.0
1888.0,1344.0
1904.0,1344.0
1920.0,1344.0
1888.0,1360.0
1904.0,1376.0
1888.0,1376.0
1904.0,1360.0
1920.0,1360.0
1920.0,1376.0
2048.0,1280.0
2064.0,1280.0
2080.0,1280.0
2048.0,1296.0
2064.0,1296.0
2080.0,1296.0
2048.0,1312.0
2064.0,1328.0
2048.0,1328.0
2064.0,1312.0
2080.0,1312.0
2080.0,1328.0
2144.0,1232.0
2160.0,1232.0
2176.0,1232.0
2144.0,1248.0
2160.0,1248.0
2176.0,1248.0
2144.0,1264.0
2160.0,1280.0
2144.0,1280.0
2160.0,1264.0
2176.0,1264.0
2176.0,1280.0
2160.0,1152.0
2176.0,1152.0
2192.0,1152.0
2160.0,1168.0
2176.0,1168.0
2192.0,1168.0
2160.0,1184.0
2176.0,1200.0
2160.0,1200.0
2176.0,1184.0
2192.0,1184.0
2192.0,1200.0
1664.0,1344.0
1680.0,1344.0
1696.0,1344.0
1664.0,1360.0
1680.0,1360.0
1696.0,1360.0
1664.0,1376.0
1680.0,1392.0
1664.0,1392.0
1680.0,1376.0
1696.0,1376.0
1696.0,1392.0
2256.0,1328.0
2272.0,1328.0
2288.0,1328.0
2256.0,1344.0
2272.0,1344.0
2288.0,1344.0
2256.0,1360.0
2272.0,1376.0
2256.0,1376.0
2272.0,1360.0
2288.0,1360.0
2288.0,1376.0
2352.0,1232.0
2368.0,1232.0
2384.0,1232.0
2352.0,1248.0
2368.0,1248.0
2384.0,1248.0
2352.0,1264.0
2368.0,1280.0
2352.0,1280.0
2368.0,1264.0
2384.0,1264.0
2384.0,1280.0
2368.0,1008.0
2384.0,1008.0
2400.0,1008.0
2368.0,1024.0
2384.0,1024.0
2400.0,1024.0
2368.0,1040.0
2384.0,1056.0
2368.0,1056.0
2384.0,1040.0
2400.0,1040.0
2400.0,1056.0
2368.0,848.0
2384.0,848.0
2400.0,848.0
2368.0,864.0
2384.0,864.0
2400.0,864.0
2368.0,880.0
2384.0,896.0
2368.0,896.0
2384.0,880.0
2400.0,880.0
2400.0,896.0
1952.0,1024.0
1968.0,1024.0
1984.0,1024.0
1952.0,1040.0
1968.0,1040.0
1984.0,1040.0
1952.0,1056.0
1968.0,1072.0
1952.0,1072.0
1968.0,1056.0
1984.0,1056.0
1984.0,1072.0
1792.0,1232.0
1808.0,1232.0
1824.0,1232.0
1792.0,1248.0
1808.0,1248.0
1824.0,1248.0
1792.0,1264.0
1808.0,1280.0
1792.0,1280.0
1808.0,1264.0
1824.0,1264.0
1824.0,1280.0
208.0,1312.0
224.0,1312.0
240.0,1312.0
208.0,1328.0
224.0,1328.0
240.0,1328.0
208.0,1344.0
224.0,1360.0
208.0,1360.0
224.0,1344.0
240.0,1344.0
240.0,1360.0
400.0,1264.0
416.0,1264.0
432.0,1264.0
400.0,1280.0
416.0,1280.0
432.0,1280.0
400.0,1296.0
416.0,1312.0
400.0,1312.0
416.0,1296.0
432.0,1296.0
432.0,1312.0
80.0,1280.0
96.0,1280.0
112.0,1280.0
80.0,1296.0
96.0,1296.0
112.0,1296.0
80.0,1312.0
96.0,1328.0
80.0,1328.0
96.0,1312.0
112.0,1312.0
112.0,1328.0
576.0,1280.0
592.0,1280.0
608.0,1280.0
576.0,1296.0
592.0,1296.0
608.0,1296.0
576.0,1312.0
592.0,1328.0
576.0,1328.0
592.0,1312.0
608.0,1312.0
608.0,1328.0
320.0,928.0
336.0,928.0
352.0,928.0
320.0,944.0
336.0,944.0
352.0,944.0
320.0,960.0
336.0,976.0
320.0,976.0
336.0,960.0
352.0,960.0
352.0,976.0
96.0,672.0
112.0,672.0
128.0,672.0
96.0,688.0
112.0,688.0
128.0,688.0
96.0,704.0
112.0,720.0
96.0,720.0
112.0,704.0
128.0,704.0
128.0,720.0
288.0,640.0
304.0,640.0
320.0,640.0
288.0,656.0
304.0,656.0
320.0,656.0
288.0,672.0
304.0,688.0
288.0,688.0
304.0,672.0
320.0,672.0
320.0,688.0
768.0,1344.0
784.0,1344.0
800.0,1344.0
768.0,1360.0
784.0,1360.0
800.0,1360.0
768.0,1376.0
784.0,1392.0
768.0,1392.0
784.0,1376.0
800.0,1376.0
800.0,1392.0
992.0,816.0
1008.0,816.0
1024.0,816.0
992.0,832.0
1008.0,832.0
1024.0,832.0
992.0,848.0
1008.0,864.0
992.0,864.0
1008.0,848.0
1024.0,848.0
1024.0,864.0
864.0,528.0
880.0,528.0
896.0,528.0
864.0,544.0
880.0,544.0
896.0,544.0
864.0,560.0
880.0,576.0
864.0,576.0
880.0,560.0
896.0,560.0
896.0,576.0
1232.0,368.0
1248.0,368.0
1264.0,368.0
1232.0,384.0
1248.0,384.0
1264.0,384.0
1232.0,400.0
1248.0,416.0
1232.0,416.0
1248.0,400.0
1264.0,400.0
1264.0,416.0
1232.0,64.0
1248.0,64.0
1264.0,64.0
1232.0,80.0
1248.0,80.0
1264.0,80.0
1232.0,96.0
1248.0,112.0
1232.0,112.0
1248.0,96.0
1264.0,96.0
1264.0,112.0
1104.0,672.0
1120.0,672.0
1136.0,672.0
1104.0,688.0
1120.0,688.0
1136.0,688.0
1104.0,704.0
1120.0,720.0
1104.0,720.0
1120.0,704.0
1136.0,704.0
1136.0,720.0
1088.0,1008.0
1104.0,1008.0
1120.0,1008.0
1088.0,1024.0
1104.0,1024.0
1120.0,1024.0
1088.0,1040.0
1104.0,1056.0
1088.0,1056.0
1104.0,1040.0
1120.0,1040.0
1120.0,1056.0
1168.0,1360.0
1184.0,1360.0
1200.0,1360.0
1168.0,1376.0
1184.0,1376.0
1200.0,1376.0
1168.0,1392.0
1184.0,1408.0
1168.0,1408.0
1184.0,1392.0
1200.0,1392.0
1200.0,1408.0
1008.0,1312.0
1024.0,1312.0
1040.0,1312.0
1008.0,1328.0
1024.0,1328.0
1040.0,1328.0
1008.0,1344.0
1024.0,1360.0
1008.0,1360.0
1024.0,1344.0
1040.0,1344.0
1040.0,1360.0
1328.0,1328.0
1344.0,1328.0
1360.0,1328.0
1328.0,1344.0
1344.0,1344.0
1360.0,1344.0
1328.0,1360.0
1344.0,1376.0
1328.0,1376.0
1344.0,1360.0
1360.0,1360.0
1360.0,1376.0
1632.0,992.0
1648.0,992.0
1664.0,992.0
1632.0,1008.0
1648.0,1008.0
1664.0,1008.0
1632.0,1024.0
1648.0,1040.0
1632.0,1040.0
1648.0,1024.0
1664.0,1024.0
1664.0,1040.0
1936.0,832.0
1952.0,832.0
1968.0,832.0
1936.0,848.0
1952.0,848.0
1968.0,848.0
1936.0,864.0
1952.0,880.0
1936.0,880.0
1952.0,864.0
1968.0,864.0
1968.0,880.0
1936.0,1136.0
1952.0,1136.0
1968.0,1136.0
1936.0,1152.0
1952.0,1152.0
1968.0,1152.0
1936.0,1168.0
1952.0,1184.0
1936.0,1184.0
1952.0,1168.0
1968.0,1168.0
1968.0,1184.0
1984.0,272.0
2000.0,272.0
2016.0,272.0
1984.0,288.0
2000.0,288.0
2016.0,288.0
1984.0,304.0
2000.0,320.0
1984.0,320.0
2000.0,304.0
2016.0,304.0
2016.0,320.0
1888.0,32.0
1904.0,32.0
1920.0,32.0
1888.0,48.0
1904.0,48.0
1920.0,48.0
1888.0,64.0
1904.0,80.0
1888.0,80.0
1904.0,64.0
1920.0,64.0
1920.0,80.0
2080.0,80.0
2096.0,80.0
2112.0,80.0
2080.0,96.0
2096.0,96.0
2112.0,96.0
2080.0,112.0
2096.0,128.0
2080.0,128.0
2096.0,112.0
2112.0,112.0
2112.0,128.0
2096.0,192.0
2112.0,192.0
2128.0,192.0
2096.0,208.0
2112.0,208.0
2128.0,208.0
2096.0,224.0
2112.0,240.0
2096.0,240.0
2112.0,224.0
2128.0,224.0
2128.0,240.0
2352.0,32.0
2368.0,32.0
2384.0,32.0
2352.0,48.0
2368.0,48.0
2384.0,48.0
2352.0,64.0
2368.0,80.0
2352.0,80.0
2368.0,64.0
2384.0,64.0
2384.0,80.0
1808.0,304.0
1824.0,304.0
1840.0,304.0
1808.0,320.0
1824.0,320.0
1840.0,320.0
1808.0,336.0
1824.0,352.0
1808.0,352.0
1824.0,336.0
1840.0,336.0
1840.0,352.0
2032.0,528.0
2048.0,528.0
2064.0,528.0
2032.0,544.0
2048.0,544.0
2064.0,544.0
2032.0,560.0
2048.0,576.0
2032.0,576.0
2048.0,560.0
2064.0,560.0
2064.0,576.0
2400.0,1104.0
2416.0,1104.0
2432.0,1104.0
2400.0,1120.0
2416.0,1120.0
2432.0,1120.0
2400.0,1136.0
2416.0,1152.0
2400.0,1152.0
2416.0,1136.0
2432.0,1136.0
2432.0,1152.0
1824.0,928.0
1840.0,928.0
1856.0,928.0
1824.0,944.0
1840.0,944.0
1856.0,944.0
1824.0,960.0
1840.0,976.0
1824.0,976.0
1840.0,960.0
1856.0,960.0
1856.0,976.0
2496.0,1312.0
2512.0,1312.0
2528.0,1312.0
2496.0,1328.0
2512.0,1328.0
2528.0,1328.0
2496.0,1344.0
2512.0,1360.0
2496.0,1360.0
2512.0,1344.0
2528.0,1344.0
2528.0,1360.0
1024.0,176.0
1040.0,176.0
1056.0,176.0
1024.0,192.0
1040.0,192.0
1056.0,192.0
1024.0,208.0
1040.0,224.0
1024.0,224.0
1040.0,208.0
1056.0,208.0
1056.0,224.0
1472.0,544.0
1488.0,544.0
1504.0,544.0
1472.0,560.0
1488.0,560.0
1504.0,560.0
1472.0,576.0
1488.0,592.0
1472.0,592.0
1488.0,576.0
1504.0,576.0
1504.0,592.0
